road
62.67
14.22
14.22
14.22
13.6
13.6
13.6
13.6
13.6
13.6
13.6
13.6
12.14
12.14
12.14
12.14
12.14
12.14
12.14
12.14
8.01
8.01
8.01
8.01
8.01
sidewalk
20.08
8.02
8.02
8.02
8.02
8.02
8.02
8.02
8.02
8.02
8.02
8.02
8.02
8.02
8.02
8.02
8.02
8.02
8.02
8.02
5.73
5.73
5.73
5.73
5.73
building
42.47
28.35
28.35
28.35
28.35
28.35
28.35
28.35
28.35
28.35
28.35
28.35
28.35
28.35
28.35
28.35
28.35
28.35
28.35
28.35
26.9
26.9
26.9
26.9
26.9
wall
7.0
3.12
2.81
2.81
2.81
2.81
2.81
2.81
2.81
2.81
2.81
2.81
2.81
2.81
2.81
2.81
2.81
2.66
2.66
2.66
2.42
2.42
2.42
2.42
2.42
fence
25.26
22.85
19.0
19.0
19.0
19.0
19.0
19.0
19.0
19.0
19.0
19.0
19.0
19.0
17.86
17.86
17.86
17.86
17.86
17.86
17.86
17.86
17.86
17.86
17.86
pole
30.51
26.06
23.52
23.52
23.52
23.52
23.52
23.52
23.52
23.52
23.52
23.52
23.52
23.52
23.52
23.52
23.52
23.52
23.52
23.52
22.64
22.64
22.64
22.64
22.64
traffic light
30.24
30.24
24.78
24.78
24.78
24.78
24.78
24.78
24.78
24.78
24.78
24.78
24.78
24.78
24.78
24.78
24.78
24.78
24.78
24.78
24.78
24.78
24.78
24.78
24.78
traffic sign
47.34
43.06
38.25
38.25
38.25
38.25
38.25
38.25
38.25
38.25
38.25
38.25
38.25
38.25
38.06
38.06
38.06
38.06
38.06
38.06
38.06
38.06
38.06
38.06
38.06
vegetation
65.8
51.84
44.41
44.41
44.41
44.41
44.41
44.41
44.41
44.41
44.41
44.41
44.41
44.41
44.41
44.41
44.41
44.41
44.41
44.41
44.41
44.41
44.41
44.41
44.41
terrain
31.49
14.2
14.2
14.2
14.2
14.2
14.2
14.2
14.2
14.2
14.2
14.2
14.2
14.2
14.2
14.2
14.2
12.59
12.59
12.59
9.78
9.78
9.78
9.78
9.78
sky
55.07
38.79
38.79
38.79
36.3
36.3
36.3
36.3
36.3
36.3
36.3
36.3
36.3
36.3
36.3
35.86
35.86
35.86
35.86
35.86
35.86
35.86
35.86
35.86
35.86
person
56.61
49.68
49.67
49.67
49.67
49.67
49.67
49.67
49.67
49.67
49.67
49.67
49.67
49.67
49.67
49.67
49.67
49.67
49.67
49.67
46.11
46.11
46.11
46.11
46.11
rider
27.61
20.18
20.18
20.18
20.18
20.18
20.18
20.18
20.18
20.18
20.18
20.18
20.18
20.18
20.18
20.18
19.4
19.4
19.4
19.4
19.31
19.31
19.31
19.31
19.31
car
66.48
48.97
48.97
48.97
48.97
48.97
48.97
48.97
48.97
48.97
48.97
48.97
48.97
48.97
48.97
48.97
48.97
48.97
48.97
48.97
41.94
41.94
41.94
41.94
41.94
truck
30.61
19.5
19.5
19.5
19.5
17.44
17.44
17.44
17.44
17.44
17.44
17.44
17.44
17.44
17.44
17.44
17.44
17.44
17.44
16.98
16.98
16.98
16.98
16.98
16.98
bus
46.46
33.37
32.09
32.09
32.09
32.09
32.09
32.09
32.09
32.09
32.09
32.09
32.09
32.09
30.9
30.9
30.9
30.9
30.9
30.9
29.95
29.95
29.95
29.95
29.95
train
30.83
25.67
25.67
25.1
25.1
25.1
25.1
25.1
25.1
25.1
25.1
6.73
6.73
6.73
6.73
6.73
6.73
6.73
6.73
6.73
6.73
6.73
6.73
6.73
6.73
motorcycle
10.8
8.25
6.69
6.69
6.69
6.69
6.69
6.69
6.69
6.69
6.69
6.69
6.69
6.69
4.97
4.97
4.97
4.97
4.97
4.97
3.84
3.84
3.84
3.84
3.84
bicycle
42.18
34.99
26.83
26.83
26.83
26.83
26.83
26.83
26.83
26.83
26.83
26.83
26.83
26.83
26.83
26.83
26.83
26.83
26.83
26.83
26.83
26.83
26.83
26.83
26.83
IoU mean class accuracy
38.39
27.5
27.5
27.5
27.5
27.5
27.5
27.5
27.5
27.5
27.5
27.5
27.5
27.5
27.5
27.5
27.5
27.5
27.5
27.5
25.11
25.11
25.11
25.11
25.11
mean class recall
78.26
74.59
74.59
68.55
68.55
68.55
68.55
68.55
68.55
68.55
68.55
66.69
66.69
66.69
66.69
66.69
66.69
66.69
66.69
66.69
66.69
66.69
66.69
66.69
66.69
mean class precision
44.31
33.26
33.26
33.26
33.26
33.26
33.26
33.26
33.26
33.26
33.26
33.26
33.26
33.26
33.26
33.26
33.26
33.26
33.26
33.26
30.86
30.86
30.86
30.86
30.86
pixel accuracy
68.16
43.77
43.77
43.77
43.77
43.77
43.77
43.77
43.77
43.77
43.77
43.77
43.77
43.77
43.77
43.77
43.77
43.77
43.77
43.77
39.73
39.73
39.73
39.73
39.73
