road
53.89
41.8
41.8
41.8
41.8
41.8
41.8
2.49
2.49
2.49
2.49
2.49
2.49
2.49
2.49
2.49
2.49
2.49
2.49
0.6
0.6
0.6
0.6
0.6
0.6
sidewalk
5.95
3.56
3.56
3.56
3.56
3.56
3.56
0.83
0.83
0.83
0.83
0.83
0.83
0.83
0.83
0.8
0.8
0.8
0.8
0.23
0.23
0.23
0.23
0.23
0.23
building
37.13
29.41
29.41
29.41
29.41
29.41
29.41
23.83
23.83
23.83
23.83
23.83
23.83
23.83
23.83
23.83
23.83
23.83
23.83
22.89
22.89
22.89
22.89
22.89
22.89
wall
3.54
1.27
1.21
1.21
1.21
1.21
1.21
1.21
1.21
1.21
1.21
1.21
1.21
1.21
1.21
1.21
1.21
1.21
1.21
0.42
0.42
0.42
0.42
0.42
0.42
fence
12.09
5.42
5.42
5.42
5.42
5.42
5.42
5.42
5.42
5.42
5.42
5.42
5.42
5.42
5.42
5.42
5.42
5.42
5.42
2.55
2.55
2.55
2.55
2.55
2.55
pole
15.83
10.33
10.33
10.33
10.33
10.33
10.33
7.88
7.88
7.88
7.88
7.88
7.88
7.88
7.88
7.88
7.88
7.88
7.88
5.37
5.37
5.37
5.37
5.37
5.37
traffic light
16.71
10.51
10.51
10.51
10.51
10.51
10.51
10.51
10.51
10.51
10.51
10.51
10.51
10.51
10.51
10.51
10.51
10.51
10.51
7.82
7.82
7.82
7.82
7.82
7.82
traffic sign
29.14
15.44
15.44
15.44
15.44
15.44
15.44
15.12
15.12
13.97
13.97
13.97
13.97
13.97
13.97
13.97
13.97
13.97
13.97
10.7
10.7
10.7
10.7
10.7
10.7
vegetation
69.21
31.71
31.71
31.71
31.71
31.71
31.71
26.97
26.97
26.97
26.97
26.97
26.97
26.97
26.97
26.97
26.97
26.97
26.97
16.12
16.12
16.12
16.12
16.12
16.12
terrain
13.91
4.01
4.01
4.01
4.01
4.01
4.01
1.71
1.71
1.71
1.71
1.71
1.71
1.71
1.71
1.71
1.71
1.71
1.71
0.52
0.52
0.52
0.52
0.52
0.52
sky
7.19
7.17
7.17
7.17
7.17
7.17
7.17
1.93
1.93
1.93
1.93
1.93
1.93
1.93
1.93
1.47
1.47
1.47
1.47
1.47
1.47
1.47
1.47
1.47
1.47
person
40.93
35.57
35.57
35.57
35.57
35.57
35.57
29.78
29.78
29.71
29.71
29.71
29.71
29.71
29.71
29.71
29.71
29.71
29.71
22.46
22.46
22.46
22.46
22.46
22.46
rider
5.52
4.44
4.44
4.44
4.44
4.44
4.44
1.96
1.96
1.96
1.96
1.96
1.96
1.96
1.96
1.96
1.96
1.96
1.96
1.77
1.77
1.77
1.63
1.63
1.63
car
36.19
22.86
22.86
22.86
22.86
22.86
22.86
16.74
16.74
15.03
15.03
15.03
15.03
15.03
15.03
15.03
15.03
15.03
15.03
7.84
7.84
7.84
7.84
7.84
7.84
truck
7.64
6.8
6.8
6.8
6.8
6.8
6.8
4.48
4.48
4.32
4.32
4.32
4.32
4.32
4.32
4.32
4.32
4.32
4.32
4.0
4.0
4.0
4.0
4.0
4.0
bus
19.4
4.59
4.59
4.59
4.59
4.59
4.59
4.59
4.59
4.59
4.59
4.59
4.59
4.59
4.59
4.59
4.59
4.59
4.59
1.8
1.8
1.8
1.8
1.8
1.8
train
3.21
3.21
3.21
3.21
3.21
3.21
3.21
1.96
1.96
0.01
0.01
0.01
0.01
0.01
0.01
0.01
0.01
0.01
0.01
0.01
0.01
0.01
0.01
0.01
0.01
motorcycle
4.32
0.95
0.81
0.81
0.81
0.81
0.81
0.81
0.81
0.68
0.68
0.68
0.68
0.68
0.68
0.55
0.55
0.55
0.55
0.07
0.07
0.07
0.07
0.07
0.07
bicycle
18.35
10.1
10.1
10.1
10.1
10.1
10.1
10.1
10.1
10.1
10.1
10.1
10.1
10.1
10.1
10.1
10.1
10.1
10.1
4.54
4.54
4.54
4.54
4.54
4.54
IoU mean class accuracy
21.06
13.22
13.22
13.22
13.22
13.22
13.22
9.12
9.12
9.12
9.12
9.12
9.12
9.12
9.12
9.12
9.12
9.12
9.12
5.95
5.95
5.95
5.95
5.95
5.95
mean class recall
67.64
67.64
67.64
67.64
61.75
61.75
61.75
61.75
61.75
61.75
61.75
61.75
61.75
61.75
61.75
61.75
61.75
61.75
61.75
61.75
61.75
61.75
61.75
61.75
61.75
mean class precision
26.92
17.46
17.46
17.46
17.46
17.46
17.46
13.54
13.54
13.54
13.54
13.54
13.54
13.54
13.54
13.54
13.54
13.54
13.54
10.12
10.12
10.12
10.12
10.12
10.12
pixel accuracy
60.09
46.34
46.34
46.34
46.34
46.34
46.34
29.58
29.58
29.58
29.58
29.58
29.58
29.58
29.58
29.58
29.58
29.58
29.58
26.08
26.08
26.08
26.08
26.08
26.08
